0 0.666016 0.533203 0.085938 0.085938
0 0.466797 0.560547 0.072266 0.099609
0 0.251953 0.540039 0.065430 0.072266
0 0.280273 0.574219 0.068359 0.083008
0 0.047852 0.615234 0.080078 0.112305
5 0.927734 0.876953 0.143555 0.112305
5 0.878906 0.836914 0.174805 0.096680
5 0.708008 0.837891 0.123047 0.083008
5 0.687500 0.816406 0.103516 0.083008
5 0.544922 0.814453 0.112305 0.095703
5 0.483398 0.790039 0.095703 0.065430
5 0.344727 0.810547 0.101562 0.096680
5 0.269531 0.784180 0.068359 0.083984
5 0.089844 0.826172 0.078125 0.114258
5 0.021484 0.833984 0.041992 0.096680
1 0.891602 0.128906 0.123047 0.127930
1 0.693359 0.238281 0.073242 0.073242
1 0.501953 0.269531 0.080078 0.088867
3 0.082031 0.567383 0.162109 0.528320
1 0.302734 0.263672 0.112305 0.078125
1 0.042969 0.245117 0.085938 0.101562
3 0.912109 0.513672 0.173828 0.690430
3 0.716797 0.567383 0.189453 0.510742
3 0.519531 0.561523 0.197266 0.470703
3 0.320312 0.547852 0.169922 0.494141
0 0.858398 0.516602 0.083008 0.127930
