0 0.500000 0.466406 1.000000 0.920312
0 0.306250 0.175781 0.052344 0.254688
0 0.221094 0.024219 0.106250 0.047656
0 0.203906 0.107031 0.070312 0.105469
0 0.581250 0.036719 0.158594 0.055469
0 0.702344 0.769531 0.067969 0.300000
0 0.804688 0.775781 0.057031 0.282813
0 0.749219 0.352344 0.164062 0.101562
0 0.751563 0.580469 0.163281 0.082812
0 0.355469 0.810156 0.046875 0.243750
0 0.025781 0.835938 0.051562 0.182031
0 0.142187 0.684375 0.042188 0.128906
0 0.078906 0.663281 0.046094 0.075000
0 0.196094 0.449219 0.061719 0.283594
0 0.300000 0.342969 0.065625 0.071875
0 0.028125 0.082031 0.056250 0.164062
