1 0.698242 0.494141 0.046875 0.068359
1 0.794922 0.505859 0.088867 0.068359
1 0.838867 0.489258 0.051758 0.060547
1 0.868164 0.502930 0.037109 0.049805
1 0.901367 0.529297 0.056641 0.057617
1 0.939453 0.511719 0.057617 0.062500
1 0.976562 0.500000 0.046875 0.056641
3 0.458984 0.541992 0.072266 0.101562
3 0.546875 0.648438 0.117188 0.174805
1 0.465820 0.481445 0.041016 0.044922
1 0.546875 0.529297 0.068359 0.062500
1 0.632812 0.489258 0.073242 0.051758
3 0.949219 0.610352 0.065430 0.156250
3 0.907227 0.617188 0.072266 0.129883
3 0.870117 0.594727 0.080078 0.169922
3 0.808594 0.662109 0.146484 0.234375
3 0.709961 0.597656 0.080078 0.151367
3 0.648438 0.636719 0.122070 0.203125
3 0.981445 0.607422 0.037109 0.160156
