0 0.938281 0.526562 0.123438 0.196875
0 0.924219 0.039844 0.151562 0.079687
0 0.671875 0.100000 0.069531 0.045312
0 0.507031 0.020313 0.096094 0.040625
0 0.096154 0.832933 0.192308 0.334135
0 0.040865 0.503606 0.081731 0.204327
0 0.024038 0.311298 0.048077 0.093750
0 0.257212 0.058894 0.264423 0.117788
0 0.375000 0.110577 0.120192 0.086538
0 0.482302 0.563702 0.800481 0.858173
0 0.452344 0.946875 0.091406 0.048438
0 0.171875 0.732031 0.079687 0.074219
0 0.260937 0.627344 0.165625 0.115625
0 0.075000 0.607812 0.033594 0.019531
0 0.115625 0.747656 0.053125 0.028906
