5 0.640625 0.748047 0.057617 0.115234
1 0.418945 0.320312 0.052734 0.051758
1 0.466797 0.395508 0.041016 0.041016
1 0.229492 0.337891 0.037109 0.057617
1 0.339844 0.342773 0.039062 0.039062
5 0.705078 0.702148 0.037109 0.111328
5 0.564453 0.670898 0.039062 0.098633
3 0.654297 0.509766 0.091797 0.179688
5 0.525391 0.665039 0.037109 0.065430
3 0.545898 0.478516 0.062500 0.106445
3 0.395508 0.530273 0.117188 0.252930
3 0.336914 0.440430 0.052734 0.119141
3 0.236328 0.448242 0.083984 0.187500
1 0.516602 0.407227 0.031250 0.067383
1 0.663086 0.395508 0.041016 0.041016
5 0.265625 0.697266 0.034180 0.101562
5 0.365234 0.875000 0.052734 0.085938
5 0.445312 0.874023 0.073242 0.117188
5 0.197266 0.719727 0.034180 0.072266
