3 0.287109 0.610352 0.489258 0.346680
3 0.902344 0.637695 0.142578 0.291992
3 0.471680 0.561523 0.424805 0.382812
3 0.654297 0.667969 0.450195 0.231445
1 0.933594 0.384766 0.076172 0.065430
1 0.802734 0.301758 0.184570 0.123047
1 0.929688 0.533203 0.080078 0.169922
1 0.751953 0.528320 0.223633 0.208008
1 0.700195 0.336914 0.218750 0.166992
1 0.553711 0.278320 0.177734 0.135742
1 0.341797 0.287109 0.190430 0.150391
1 0.224609 0.301758 0.158203 0.119141
1 0.203125 0.396484 0.200195 0.208984
1 0.076172 0.314453 0.101562 0.195312
1 0.357422 0.446289 0.134766 0.232422
