0 0.146094 0.072656 0.192969 0.144531
0 0.368750 0.028125 0.251563 0.055469
0 0.382812 0.122656 0.242188 0.128125
0 0.500000 0.046875 0.010937 0.021094
0 0.033594 0.539062 0.032813 0.918750
0 0.007812 0.546875 0.015625 0.905469
0 0.156250 0.310156 0.210938 0.330469
0 0.252344 0.137500 0.018750 0.018750
0 0.252344 0.092969 0.018750 0.071875
0 0.224219 0.562500 0.080469 0.166406
0 0.346094 0.496875 0.274219 0.039062
0 0.511719 0.521094 0.041406 0.074219
0 0.564844 0.559375 0.054688 0.078125
0 0.117188 0.739844 0.132812 0.520312
0 0.208594 0.771094 0.039062 0.457031
0 0.186719 0.788281 0.004687 0.423438
0 0.225000 0.559375 0.078125 0.160938
0 0.376563 0.758594 0.225000 0.482812
0 0.246875 0.821875 0.032813 0.356250
0 0.277344 0.968750 0.094531 0.061719
0 0.332813 0.882031 0.134375 0.103906
0 0.455469 0.761719 0.062500 0.476562
0 0.582812 0.127344 0.150781 0.096094
0 0.636719 0.291406 0.187500 0.227344
0 0.482031 0.224219 0.114844 0.081250
0 0.402344 0.335156 0.282031 0.292187
0 0.565625 0.437500 0.041406 0.062500
0 0.606250 0.502344 0.144531 0.036719
0 0.691406 0.538281 0.021094 0.090625
0 0.630469 0.537500 0.023438 0.033594
0 0.573438 0.957031 0.043750 0.085938
0 0.957812 0.964063 0.084375 0.071875
0 0.982812 0.487500 0.034375 0.084375
0 0.969531 0.117188 0.060937 0.053125
0 0.513281 0.746875 0.045312 0.371875
0 0.799219 0.135156 0.277344 0.084375
0 0.864844 0.311719 0.270313 0.267188
0 0.968750 0.160156 0.062500 0.031250
0 0.610938 0.477344 0.132031 0.010937
0 0.634375 0.439063 0.093750 0.063281
0 0.703906 0.450781 0.050781 0.085938
0 0.836719 0.637500 0.262500 0.282813
0 0.849219 0.470313 0.235156 0.050000
0 0.832812 0.878125 0.160156 0.196094
0 0.836719 0.988281 0.156250 0.020313
0 0.957812 0.853125 0.083594 0.148438
0 0.984375 0.656250 0.031250 0.246094
0 0.706250 0.920313 0.091406 0.100000
0 0.728906 0.823438 0.044531 0.089063
0 0.747656 0.985938 0.021875 0.027344
0 0.701562 0.985156 0.062500 0.029687
0 0.632812 0.984375 0.075781 0.029687
0 0.628125 0.945312 0.064844 0.043750
0 0.646875 0.895312 0.026562 0.049219
0 0.585156 0.757812 0.095312 0.314063
0 0.605469 0.560156 0.024219 0.081250
0 0.650000 0.577344 0.060937 0.041406
0 0.661719 0.539062 0.035156 0.032813
0 0.669531 0.735156 0.071094 0.267969
0 0.520312 0.966406 0.059375 0.067187
0 0.543750 0.924219 0.010937 0.015625
