0 0.558594 0.436719 0.548438 0.221094
0 0.511719 0.313281 0.311719 0.024219
0 0.299219 0.214062 0.082812 0.220312
0 0.374219 0.071875 0.144531 0.060156
0 0.514844 0.060156 0.135937 0.056250
0 0.657813 0.108594 0.147656 0.124219
0 0.549219 0.109375 0.058594 0.050000
0 0.825781 0.300781 0.021094 0.057031
0 0.852344 0.271875 0.024219 0.083594
0 0.892969 0.235156 0.050000 0.070312
0 0.782031 0.292969 0.064844 0.064844
0 0.763281 0.239063 0.090625 0.032031
0 0.737500 0.196875 0.107031 0.046875
0 0.742969 0.162500 0.015625 0.020313
0 0.709375 0.229688 0.010937 0.012500
0 0.255469 0.420312 0.054688 0.129688
0 0.264062 0.514062 0.037500 0.057031
0 0.243750 0.557031 0.117188 0.032813
0 0.154688 0.585938 0.120313 0.019531
0 0.152344 0.560156 0.068750 0.031250
0 0.103906 0.608594 0.045312 0.041406
0 0.063281 0.652344 0.035937 0.107031
0 0.096094 0.642188 0.025000 0.028906
0 0.067969 0.721094 0.038281 0.028906
0 0.097656 0.733594 0.021875 0.057813
0 0.117969 0.767188 0.014063 0.035937
0 0.353125 0.788281 0.032813 0.023438
0 0.305469 0.800000 0.056250 0.034375
0 0.143750 0.782031 0.028906 0.028906
0 0.182031 0.797656 0.039844 0.031250
0 0.242188 0.809375 0.079687 0.032813
0 0.499219 0.662500 0.389844 0.224219
0 0.732812 0.572656 0.066406 0.046094
0 0.721875 0.616406 0.047656 0.040625
0 0.717969 0.655469 0.038281 0.037500
0 0.708594 0.698438 0.023438 0.040625
0 0.289844 0.590625 0.032813 0.035937
0 0.295312 0.637500 0.017188 0.057813
0 0.522656 0.792969 0.303125 0.027344
0 0.520312 0.817969 0.271875 0.021094
0 0.372656 0.810156 0.026562 0.014063
0 0.510938 0.835938 0.215625 0.012500
0 0.515625 0.850781 0.151562 0.012500
