0 0.500000 0.466406 1.000000 0.932031
0 0.883594 0.652344 0.232813 0.195312
0 0.967969 0.514062 0.064062 0.544531
0 0.507812 0.714063 0.230469 0.077344
0 0.560156 0.427344 0.283594 0.512500
0 0.378125 0.503906 0.079687 0.312500
0 0.117969 0.525000 0.235937 0.592969
0 0.133594 0.911719 0.265625 0.037500
0 0.253906 0.531250 0.026562 0.710938
0 0.125000 0.206250 0.248438 0.046094
0 0.250781 0.081250 0.030469 0.162500
0 0.388281 0.151562 0.223438 0.032813
0 0.606250 0.132031 0.195312 0.040625
0 0.853906 0.118750 0.292187 0.039844
0 0.048438 0.839844 0.096875 0.039844
