5 0.555664 0.948242 0.046875 0.067383
5 0.637695 0.926758 0.067383 0.067383
5 0.939453 0.942383 0.046875 0.067383
5 0.858398 0.927734 0.046875 0.067383
5 0.769531 0.905273 0.046875 0.067383
5 0.708984 0.905273 0.046875 0.067383
3 0.958008 0.518555 0.083984 0.326172
3 0.834961 0.512695 0.132812 0.275391
3 0.676758 0.546875 0.156250 0.404297
3 0.559570 0.431641 0.156250 0.404297
1 0.876953 0.333984 0.075195 0.111328
1 0.728516 0.331055 0.076172 0.106445
1 0.612305 0.141602 0.091797 0.115234
1 0.388672 0.248047 0.115234 0.148438
0 0.201172 0.835938 0.075195 0.065430
0 0.379883 0.841797 0.054688 0.073242
3 0.312500 0.619141 0.218750 0.507812
